
                       X              Wf             Wps             Wei             Wes               F              ht               h

           0.0000000E+00   0.0000000E+00   0.0000000E+00   0.0000000E+00   0.0000000E+00  -0.0000000E+00   0.0000000E+00   0.0000000E+00
           2.0000000E-02   0.0000000E+00   0.0000000E+00   4.4596118E-33   0.0000000E+00  -2.9889756E-31  -3.3351665E-03  -3.3351665E-03
           3.9999999E-02   0.0000000E+00   4.5329362E-09   1.0076440E-32   1.0691786E-08  -2.8056078E-05  -6.6703330E-03  -6.6703330E-03
           5.9999999E-02   0.0000000E+00   1.0187772E-07   2.5121484E-32   4.5811820E-08  -5.3830277E-05  -1.0005500E-02  -1.0005500E-02
           7.9999998E-02   0.0000000E+00   2.6511972E-07   5.0076165E-32   1.3400704E-07  -1.2492687E-04  -1.3340666E-02  -1.3340666E-02
           1.0000000E-01   0.0000000E+00   6.4398375E-07   5.0673828E-32   2.1582416E-07  -1.5549263E-04  -1.6675834E-02  -1.6675834E-02
           1.2000000E-01   0.0000000E+00   1.1226695E-06   5.1453333E-32   4.2821461E-07  -2.7131525E-04  -2.0011000E-02  -2.0011000E-02
           1.4000000E-01   0.0000000E+00   1.8613906E-06   6.9177760E-32   6.6413770E-07  -3.5219741E-04  -2.3346167E-02  -2.3346167E-02
           1.6000000E-01   0.0000000E+00   2.8887807E-06   7.6224890E-32   9.7513612E-07  -4.6354526E-04  -2.6681332E-02  -2.6681332E-02
           1.8000001E-01   0.0000000E+00   4.1089475E-06   9.2543449E-32   1.4488418E-06  -6.1489327E-04  -3.0016499E-02  -3.0016499E-02
           2.0000000E-01   0.0000000E+00   5.9001850E-06   1.2149348E-31   1.8400751E-06  -7.0699363E-04  -3.3351667E-02  -3.3351667E-02
           2.2000000E-01   0.0000000E+00   7.7948043E-06   1.4542713E-31   2.5814488E-06  -9.1941084E-04  -3.6686834E-02  -3.6686834E-02
           2.3999999E-01   0.0000000E+00   1.0358181E-05   1.7866879E-31   3.2154012E-06  -1.0415551E-03  -4.0022001E-02  -4.0022001E-02
           2.5999999E-01   0.0000000E+00   1.3222215E-05   2.1133536E-31   4.1596022E-06  -1.2650321E-03  -4.3357167E-02  -4.3357167E-02
           2.8000000E-01   0.0000000E+00   1.6531387E-05   2.6356793E-31   5.2816822E-06  -1.4848416E-03  -4.6692334E-02  -4.6692334E-02
           3.0000001E-01   0.0000000E+00   2.0716223E-05   3.2206655E-31   6.2976151E-06  -1.6579420E-03  -5.0027497E-02  -5.0027497E-02
           3.1999999E-01   0.0000000E+00   2.5016705E-05   3.6840658E-31   7.8889407E-06  -1.9594082E-03  -5.3362664E-02  -5.3362664E-02
           3.4000000E-01   0.0000000E+00   3.0536998E-05   3.9379023E-31   9.1126622E-06  -2.1190082E-03  -5.6697831E-02  -5.6697831E-02
           3.6000001E-01   0.0000000E+00   3.6131274E-05   4.6024699E-31   1.1116918E-05  -2.4699704E-03  -6.0032997E-02  -6.0032997E-02
           3.8000000E-01   0.0000000E+00   4.2643624E-05   4.9052956E-31   1.3106631E-05  -2.7416172E-03  -6.3368164E-02  -6.3368164E-02
           4.0000001E-01   0.0000000E+00   5.0161678E-05   5.5685989E-31   1.5126398E-05  -3.0141068E-03  -6.6703334E-02  -6.6703334E-02
           4.1999999E-01   0.0000000E+00   5.7918907E-05   6.2859368E-31   1.7840292E-05  -3.3903948E-03  -7.0038497E-02  -7.0038497E-02
           4.4000000E-01   0.0000000E+00   6.7415996E-05   7.0577856E-31   1.9961613E-05  -3.6093029E-03  -7.3373668E-02  -7.3373668E-02
           4.6000001E-01   0.0000000E+00   7.6714736E-05   7.9686790E-31   2.3353005E-05  -4.0693702E-03  -7.6708831E-02  -7.6708831E-02
           4.7999999E-01   0.0000000E+00   8.7652654E-05   8.7982630E-31   2.6294165E-05  -4.3658079E-03  -8.0044001E-02  -8.0044001E-02
           5.0000000E-01   0.0000000E+00   9.9298704E-05   1.0019446E-30   2.9801027E-05  -4.7695320E-03  -8.3379164E-02  -8.3379164E-02
           5.1999998E-01   0.0000000E+00   1.1161665E-04   1.0827706E-30   3.3840341E-05  -5.2017267E-03  -8.6714335E-02  -8.6714335E-02
           5.4000002E-01   0.0000000E+00   1.2594444E-04   1.1760146E-30   3.7304522E-05  -5.5150073E-03  -9.0049498E-02  -9.0049498E-02
           5.6000000E-01   0.0000000E+00   1.4003020E-04   1.2517283E-30   4.2296630E-05  -6.0534016E-03  -9.3384668E-02  -9.3384668E-02
           5.7999998E-01   0.0000000E+00   1.5663289E-04   1.3810582E-30   4.6258796E-05  -6.3638100E-03  -9.6719831E-02  -9.6719831E-02
           6.0000002E-01   0.0000000E+00   1.7314634E-04   1.4393826E-30   5.1806306E-05  -6.9251303E-03  -1.0005499E-01  -1.0005499E-01
           6.2000000E-01   0.0000000E+00   1.9123213E-04   1.5590639E-30   5.7285175E-05  -7.3906016E-03  -1.0339016E-01  -1.0339016E-01
           6.3999999E-01   0.0000000E+00   2.1121856E-04   1.6794777E-30   6.2562038E-05  -7.8222621E-03  -1.0672533E-01  -1.0672533E-01
           6.6000003E-01   0.0000000E+00   2.3119268E-04   1.7868227E-30   6.9370006E-05  -8.4233005E-03  -1.1006050E-01  -1.1006050E-01
           6.8000001E-01   0.0000000E+00   2.5450866E-04   1.9024898E-30   7.4631265E-05  -8.7689646E-03  -1.1339566E-01  -1.1339566E-01
           6.9999999E-01   0.0000000E+00   2.7680086E-04   2.0267686E-30   8.2616905E-05  -9.4766840E-03  -1.1673083E-01  -1.1673083E-01
           7.2000003E-01   0.0000000E+00   3.0199203E-04   2.2029911E-30   8.9516638E-05  -9.9486141E-03  -1.2006599E-01  -1.2006599E-01
           7.4000001E-01   0.0000000E+00   3.2832794E-04   2.2968127E-30   9.7198797E-05  -1.0529555E-02  -1.2340117E-01  -1.2340117E-01
           7.5999999E-01   0.0000000E+00   3.5539112E-04   2.3485651E-30   1.0593719E-04  -1.1171229E-02  -1.2673633E-01  -1.2673633E-01
           7.7999997E-01   0.0000000E+00   3.8590669E-04   2.4739904E-30   1.1331328E-04  -1.1626030E-02  -1.3007149E-01  -1.3007149E-01
           8.0000001E-01   0.0000000E+00   4.1540386E-04   2.6424314E-30   1.2359208E-04  -1.2399512E-02  -1.3340667E-01  -1.3340667E-01
           8.1999999E-01   0.0000000E+00   4.4907088E-04   2.8217381E-30   1.3182021E-04  -1.2861788E-02  -1.3674183E-01  -1.3674183E-01
           8.3999997E-01   0.0000000E+00   4.8225155E-04   2.9934932E-30   1.4266866E-04  -1.3632063E-02  -1.4007699E-01  -1.4007699E-01
           8.6000001E-01   0.0000000E+00   5.1771064E-04   3.1704805E-30   1.5334332E-04  -1.4289926E-02  -1.4341216E-01  -1.4341216E-01
           8.8000000E-01   0.0000000E+00   5.5612152E-04   3.3295285E-30   1.6342220E-04  -1.4882131E-02  -1.4674734E-01  -1.4674734E-01
           8.9999998E-01   0.0000000E+00   5.9397321E-04   3.4814317E-30   1.7617043E-04  -1.5707526E-02  -1.5008250E-01  -1.5008250E-01
           9.2000002E-01   0.0000000E+00   6.3721533E-04   3.7077447E-30   1.8596819E-04  -1.6180625E-02  -1.5341766E-01  -1.5341766E-01
           9.4000000E-01   0.0000000E+00   6.7806750E-04   3.7675918E-30   2.0048875E-04  -1.7135505E-02  -1.5675282E-01  -1.5675282E-01
           9.5999998E-01   0.0000000E+00   7.2338624E-04   3.9764834E-30   2.1297898E-04  -1.7782608E-02  -1.6008800E-01  -1.6008800E-01
           9.8000002E-01   0.0000000E+00   7.7029935E-04   4.1336415E-30   2.2645066E-04  -1.8540673E-02  -1.6342317E-01  -1.6342317E-01
           1.0000000E+00   0.0000000E+00   8.1782881E-04   4.3053682E-30   2.4167063E-04  -1.9391013E-02  -1.6675833E-01  -1.6675833E-01
           1.0000000E+00   0.0000000E+00   8.1782881E-04   4.3053682E-30   2.4167063E-04  -1.9391013E-02  -1.6675833E-01  -1.6675833E-01
           1.0200000E+00   0.0000000E+00   8.1786857E-04   4.1033969E-30   1.8338476E-04  -1.5651101E-02  -1.6342317E-01  -1.6342317E-01
           1.0400000E+00   0.0000000E+00   8.1792078E-04   3.9232927E-30   1.3737530E-04  -1.1993335E-02  -1.6008800E-01  -1.6008800E-01
           1.0599999E+00   0.0000000E+00   8.1800099E-04   3.7251209E-30   1.0326404E-04  -8.5040545E-03  -1.5675282E-01  -1.5675282E-01




